4.34544408786419e-002 1.00472617896390e-001 9.89656188415996e-002 1.01645594502957e-001 -1.75338268575221e-002 1.84270190149800e-002 1.00472617896390e-001 3.04764802057349e-001 2.84189989984293e-001 2.93389698004519e-001 2.17030099731552e-002 -1.18977368340495e-001 9.89656188415996e-002 2.84189989984293e-001 2.67738045440403e-001 2.76023089821307e-001 6.89386012525975e-003 -8.05833404449569e-002 1.01645594502957e-001 2.93389698004519e-001 2.76023089821307e-001 2.86147491679333e-001 1.17882432665926e-002 -8.67173121904426e-002 -1.75338268575221e-002 2.17030099731552e-002 6.89386012525975e-003 1.17882432665926e-002 8.43661651009668e-002 -1.83181139489605e-001 1.84270190149800e-002 -1.18977368340495e-001 -8.05833404449569e-002 -8.67173121904426e-002 -1.83181139489605e-001 4.57481329036839e-001 