8.11143383456837e-001 -3.22079708910910e-001 3.59861884212166e-002 5.11305598846296e-002 4.32718112431898e-002 -7.29998368952562e-003 -3.22079708910910e-001 2.50293551237838e-001 -1.37655075546410e-002 -3.54028271536170e-002 -1.84310951869522e-001 4.17700474782827e-002 3.59861884212166e-002 -1.37655075546410e-002 1.19617634156020e-001 2.45379598094425e-003 4.28451625044746e-002 8.85064866400306e-002 5.11305598846296e-002 -3.54028271536170e-002 2.45379598094425e-003 1.21891191193429e-001 4.86328538294115e-002 1.34680517682991e-001 4.32718112431898e-002 -1.84310951869522e-001 4.28451625044746e-002 4.86328538294115e-002 4.25519804734270e-001 -6.74846250196847e-003 -7.29998368952562e-003 4.17700474782827e-002 8.85064866400306e-002 1.34680517682991e-001 -6.74846250196847e-003 3.92534794913046e-001 