1.16602128423109e-001 1.84102197554540e-001 -2.05002719035625e-001 -3.47739550827958e-002 -2.00689836907477e-002 -4.74333924998410e-003 1.84102197554540e-001 3.79068239404625e-001 -3.86176852858078e-001 -6.44936769254141e-002 1.40249852172873e-001 5.68134869226063e-002 -2.05002719035625e-001 -3.86176852858078e-001 4.05615837044949e-001 6.77796984979324e-002 -7.94111964846701e-002 -3.82753649997830e-002 -3.47739550827958e-002 -6.44936769254141e-002 6.77796984979324e-002 1.16998607059033e-002 -1.10882847387966e-002 -3.50199887061323e-003 -2.00689836907477e-002 1.40249852172873e-001 -7.94111964846701e-002 -1.10882847387966e-002 4.09654839162106e-001 1.37096349153812e-001 -4.74333924998410e-003 5.68134869226063e-002 -3.82753649997830e-002 -3.50199887061323e-003 1.37096349153812e-001 6.78266765404202e-002 