4.17568092939434e-04 -7.90711523592131e-04 6.68456066088972e-05 1.26166837215334e-04 7.86725216990251e-05 5.49019308570609e-05 -2.45183776807875e-05 1.38530360152859e-04 3.49447753944223e-06 9.74946581165553e-05 1.81716169238173e-04 7.17276955791100e-05 1.72500249471365e-04 -5.90590764772533e-05 -7.79312820596294e-05 1.38667062879245e-04 4.16709025098279e-05 4.16255646422112e-05 1.79930538690661e-05 2.69295315687877e-05 -2.74399163911107e-05 -7.00773037708838e-05 9.76888570021648e-06 1.21692222358896e-05 -3.99376295606723e-05 -1.70497951801939e-05 -1.01873202123293e-05 -9.93927056894042e-06 1.94999866769075e-05 -1.29811570550281e-05 1.13059535134524e-07 4.30422226433396e-06 3.36609015892984e-06 5.47025826981523e-07 3.12880067553643e-06 -1.20858150869463e-06 -2.40427117552838e-06 3.66374072277025e-06 7.48502548292365e-06 -3.08316404269594e-06 -7.90711523592131e-04 1.76737003203907e-03 -1.68185016749467e-04 -3.17259783425587e-04 1.19675956593446e-05 -7.27093844971789e-05 1.84976139421074e-06 -2.07765238986236e-04 -9.96171005907250e-05 -1.56480287992252e-04 -4.40309543930313e-04 -1.73090959982291e-04 -2.71306242834541e-04 1.15646879662871e-04 1.72274464050619e-04 -3.08839763694915e-04 -8.56582040301825e-05 -1.37644800415357e-04 -5.33674628417169e-05 -4.32335138898870e-05 9.20724072596029e-06 1.80361308902342e-04 -4.29365914321619e-05 -2.15600776129903e-05 1.11386750780063e-04 1.50713705457685e-05 1.03130077475134e-05 3.07449139860671e-05 -2.69703600135598e-05 2.46067656048358e-05 -8.45215739291387e-06 8.18087108767722e-06 1.09355555199558e-05 1.41237771628851e-05 -6.91308986810368e-06 1.53478023466938e-05 7.94103261017267e-06 -1.38452985379696e-05 -6.20639346267435e-06 4.21719662195279e-06 6.68456066088972e-05 -1.68185016749467e-04 8.56700080144093e-05 1.65932720802741e-05 -1.04389657751540e-05 7.85423748919990e-05 -1.81123254002287e-06 -5.45643298976325e-05 1.71457757806951e-05 3.52299515487080e-05 4.09642086274867e-05 6.57001492275156e-05 2.62418406744905e-05 2.84791405069632e-05 -3.55802180915354e-05 4.89475021727341e-05 -1.36947996057336e-05 1.25514280365265e-05 9.40378754016537e-06 -2.62574020270905e-05 -1.80033411833092e-05 -2.22764602640171e-05 2.16896849182107e-05 1.25939266977153e-05 3.74115354791048e-06 1.61845954848634e-05 4.27010413269946e-06 -5.51464725042340e-06 -5.46134463434549e-06 -3.73402485608437e-06 8.74053003922553e-06 6.37647241576270e-06 -1.65796413831419e-06 1.14341876208798e-06 -3.36009872030318e-06 -5.91467401701119e-06 -9.50735283236292e-06 6.47054522008674e-06 6.93128806788726e-08 1.37208112762007e-06 1.26166837215334e-04 -3.17259783425587e-04 1.65932720802741e-05 1.08110760879571e-04 -1.96354257370474e-05 -5.28678550289083e-05 1.24346589472623e-05 2.35211832513533e-05 1.90574120426409e-05 1.47532900085493e-05 1.23801076375876e-04 2.50145188547261e-05 4.60047924470036e-05 -3.67541295006926e-05 -1.65913934521276e-05 3.39397801202053e-05 2.38429414237863e-05 2.26653665652669e-05 1.70312900763176e-05 2.52472700041268e-05 2.21431961347948e-05 -4.86646571415854e-05 8.63755358859680e-06 3.18607886557218e-06 -3.32736456952314e-05 -1.14690991975536e-06 -6.11346514955776e-06 -1.15389673421909e-05 1.20117864154655e-05 4.33814274431101e-07 4.99151323460237e-06 -6.91151792455147e-06 -1.68735474595969e-06 -1.04804770023311e-05 4.30012698208514e-07 -4.52907614589546e-06 -6.70835264625907e-06 3.90594325543878e-07 4.62731775493034e-06 -3.61948325295215e-06 7.86725216990251e-05 1.19675956593446e-05 -1.04389657751540e-05 -1.96354257370474e-05 1.18183074015661e-04 3.31880099782153e-05 -3.50804576654796e-05 6.80783119775189e-05 -6.07860917453183e-05 4.18078443838098e-05 -1.49898519765729e-05 -5.81967098688388e-06 7.77899420601252e-05 -1.25643794480575e-05 -6.62014263974522e-06 1.81579377097713e-06 5.33873862545379e-06 -2.95921446281675e-05 -9.00073583494515e-06 1.25448390896798e-05 -3.62528045788590e-05 1.20665953155757e-05 -1.37003261526433e-05 4.92468698687683e-06 1.48216422651799e-05 -1.61363577808507e-05 -9.68107473099862e-06 5.67795575188633e-06 1.18604788538585e-05 -2.96899414975683e-06 -5.72692777264651e-06 1.20122019857854e-05 1.25919580127989e-05 1.05242244821095e-05 3.19892487461963e-07 8.90285454399404e-06 2.09733901645350e-06 -3.54346517388151e-06 8.09788902973763e-06 -1.86557226394508e-06 5.49019308570609e-05 -7.27093844971789e-05 7.85423748919990e-05 -5.28678550289083e-05 3.31880099782153e-05 1.48668708929227e-04 -3.04009478894756e-05 -1.66120375259722e-05 -6.43962655735645e-07 4.91879780485457e-05 -2.36363889988837e-05 5.88179879189188e-05 3.67356744965968e-05 4.03184585339165e-05 -5.42354595864884e-05 6.49083941401015e-05 -1.79059707557487e-05 4.66507973654906e-06 -7.20295605708765e-06 -4.42888615378318e-05 -5.33895087860358e-05 2.45290583554633e-06 1.58348831309391e-05 1.20665417846066e-05 2.64874549009803e-05 6.81638668749252e-06 5.16588392875813e-06 5.19786124030100e-06 -1.06020734099022e-05 -1.18740119380130e-05 1.25619013466957e-06 1.44779694088804e-05 2.91601257207999e-06 1.44315657743664e-05 -1.09053426000191e-06 -7.02808077149298e-07 9.96754652438336e-07 8.77360203024510e-06 -1.51447170106143e-06 5.88866633475230e-06 -2.45183776807875e-05 1.84976139421074e-06 -1.81123254002287e-06 1.24346589472623e-05 -3.50804576654796e-05 -3.04009478894756e-05 3.44347444943797e-05 -1.78899938143400e-05 1.68691946859323e-05 -6.29712535024821e-06 3.87935197331449e-06 3.51332980485477e-06 -3.37017525411054e-05 -3.44282482084746e-06 1.30169030466248e-05 -9.31168021092902e-06 -1.20025342704804e-05 5.05706263870733e-06 1.02613637729141e-05 8.22744590680400e-06 1.61812059936753e-05 -4.83056598554585e-06 -5.21838394625472e-06 3.77330296623181e-07 -1.05590060568725e-05 1.94209374909810e-06 3.62429418710569e-06 -8.14355831427615e-06 -4.38877260847409e-06 8.71109233671056e-06 -1.83631160465050e-07 -6.11925472291704e-06 -9.46150605040546e-06 -5.69175447871337e-06 1.83806030131986e-06 -1.09402285539849e-06 -3.62381146996640e-07 -2.95487025855842e-06 -4.72610299617066e-06 -2.41793324288317e-06 1.38530360152859e-04 -2.07765238986236e-04 -5.45643298976325e-05 2.35211832513533e-05 6.80783119775189e-05 -1.66120375259722e-05 -1.78899938143400e-05 1.78689310568236e-04 -2.50700110808567e-05 2.47805827082585e-05 4.54756300481306e-05 -3.16187225519695e-05 7.83502834987927e-05 -7.35609150055347e-05 -3.07642346258620e-05 4.85714648516513e-05 3.76512601738466e-05 1.38811487269418e-05 -9.94739463329421e-06 4.32148026447735e-05 -1.80028852751739e-05 -1.66679097167591e-05 -3.13658555841798e-05 -6.12742937850547e-06 -2.20009495037066e-05 -4.08080973213795e-05 -1.59107201637882e-05 4.72767258731282e-06 1.67070122648477e-05 -8.39486085592817e-06 -1.80559526877746e-05 -2.90650972856948e-06 3.46167942877096e-06 7.63535985828506e-06 1.15365499818533e-05 1.00075398696850e-05 2.15260315404290e-05 -4.90105459904475e-06 1.04805709570940e-06 -2.26134979106786e-06 3.49447753944223e-06 -9.96171005907250e-05 1.71457757806951e-05 1.90574120426409e-05 -6.07860917453183e-05 -6.43962655735645e-07 1.68691946859323e-05 -2.50700110808567e-05 5.71520572400826e-05 -1.81001521366615e-05 2.55966708629366e-05 1.43037146281975e-05 -3.24306574907461e-05 5.81868129003792e-06 -8.48208311299045e-06 2.35231256012371e-05 -4.88278071379297e-08 1.60069281729594e-05 3.01824139087197e-06 -9.80149784665487e-06 1.71233151150890e-05 -1.03907994945853e-05 1.73564143589928e-05 -1.37597703556562e-06 -1.46674571114315e-05 9.22915364391592e-06 1.05659626930551e-05 -4.04619102676636e-06 -7.96863567908531e-06 -1.78967611522450e-06 4.75416525440389e-06 -7.70978504375086e-06 -1.11948718678822e-05 -5.30284371508811e-06 -4.99548938503346e-07 -6.13645490229987e-06 1.54335046323431e-06 4.69692070567958e-06 -3.39905974878817e-06 3.64856091627937e-06 9.74946581165553e-05 -1.56480287992252e-04 3.52299515487080e-05 1.47532900085493e-05 4.18078443838098e-05 4.91879780485457e-05 -6.29712535024821e-06 2.47805827082585e-05 -1.81001521366615e-05 8.60513153862294e-05 2.01281566321953e-05 5.17516775409931e-05 4.04279823220253e-05 -1.29094634046848e-05 -3.75590005223017e-05 3.74697396783300e-05 -6.02656655430697e-07 2.31080116965455e-06 1.79477248031464e-05 -7.32827066726400e-06 -2.83349733861642e-05 -1.30664040335665e-05 1.52700802560119e-05 3.59232048768464e-06 1.50703252013380e-05 -1.38361236529650e-05 2.95267587074821e-06 -1.21858623518605e-05 -7.40559992728688e-07 3.76955245391197e-06 -3.07108890560010e-06 2.95651980007537e-06 7.93927702359736e-06 2.17940263578932e-06 2.16923579673131e-06 4.12746937002935e-06 -2.40097430995214e-06 7.58714486214910e-08 5.23266526059386e-06 1.58481583249369e-06 1.81716169238173e-04 -4.40309543930313e-04 4.09642086274867e-05 1.23801076375876e-04 -1.49898519765729e-05 -2.36363889988837e-05 3.87935197331449e-06 4.54756300481306e-05 2.55966708629366e-05 2.01281566321953e-05 1.87095361924338e-04 4.25484927035763e-05 7.39182564873262e-05 -4.01265928649533e-05 -4.33443973286402e-05 6.62332044023966e-05 2.87076931077720e-05 2.68648831294410e-05 1.36349729396380e-05 2.48171381290105e-05 2.34876183936804e-05 -6.81194783413248e-05 8.47153179466327e-06 9.93351328333434e-06 -3.67151646749002e-05 -2.80944111939042e-07 -1.70112513259493e-05 -8.58321789126203e-06 1.70574593090886e-05 -5.74153462858755e-07 6.12955059391062e-06 -5.08189049023471e-06 -1.96063492526718e-07 -8.26229532831358e-06 2.60109574704842e-08 -3.78766863669830e-06 -4.34683125301318e-06 4.90085045144443e-06 7.88786871234333e-06 -2.28329686506595e-06 7.17276955791100e-05 -1.73090959982291e-04 6.57001492275156e-05 2.50145188547261e-05 -5.81967098688388e-06 5.88179879189188e-05 3.51332980485477e-06 -3.16187225519695e-05 1.43037146281975e-05 5.17516775409931e-05 4.25484927035763e-05 8.60570035113527e-05 2.00699010918348e-05 1.09449133058124e-05 -4.03783829361666e-05 4.39357295941204e-05 -1.41662244396587e-05 1.12936177460699e-05 1.58294788143469e-05 -2.82472324624012e-05 -1.89278988715765e-05 -2.47392698054700e-05 2.12267746141195e-05 1.63036280351722e-05 2.43787178075532e-06 1.30885775083843e-05 2.16789047912427e-06 -1.24126484693826e-05 -1.16874253327280e-05 4.53389281214508e-06 6.63999176412287e-06 1.38396245052259e-06 -1.81347473059120e-07 2.86276255005888e-06 8.10003116762019e-07 -2.45562072775473e-06 -6.95004369952141e-06 3.39920035924982e-07 1.05983580043098e-06 5.10900020739728e-07 1.72500249471365e-04 -2.71306242834541e-04 2.62418406744905e-05 4.60047924470036e-05 7.77899420601252e-05 3.67356744965968e-05 -3.37017525411054e-05 7.83502834987927e-05 -3.24306574907461e-05 4.04279823220253e-05 7.39182564873262e-05 2.00699010918348e-05 1.20588525735928e-04 -2.42644256827107e-05 -3.78598714577444e-05 5.24232360344783e-05 2.13723236707893e-05 6.91969508419519e-06 -4.02400223788936e-06 2.03561694791144e-05 -3.49087658067630e-05 -2.92322599714295e-05 -7.00505753456327e-06 9.98210925559804e-06 -1.26818568084272e-05 -9.30856295719241e-06 -1.19547230030618e-05 4.71942946034696e-06 1.68571938859570e-05 -1.23924601442491e-05 -3.46263179992422e-07 1.10685371339604e-05 6.92768020234000e-06 6.12892705864862e-06 -2.00471275013231e-07 2.48209347144426e-06 -2.81830939381894e-06 6.49040994810895e-07 6.91244303348111e-06 -4.56876176576941e-06 -5.90590764772533e-05 1.15646879662871e-04 2.84791405069632e-05 -3.67541295006926e-05 -1.25643794480575e-05 4.03184585339165e-05 -3.44282482084746e-06 -7.35609150055347e-05 5.81868129003792e-06 -1.29094634046848e-05 -4.01265928649533e-05 1.09449133058124e-05 -2.42644256827107e-05 4.95574787035411e-05 1.05306055910084e-05 -1.64303527665012e-05 -2.21089999894852e-05 -1.18697025096768e-05 -4.38524538262718e-06 -2.79511930420427e-05 -6.14410124482170e-06 1.97676241347003e-05 1.04712847163133e-05 7.40457002554756e-06 1.73162638164717e-05 2.07699418796882e-05 6.99056174789731e-06 6.40497759089197e-06 -9.74394805530193e-06 -1.07930419153563e-07 8.62042350188116e-06 9.47416422340862e-06 -7.80805252856610e-07 2.97816037682995e-06 -7.71439123487520e-06 -4.14390672732955e-06 -9.26009154872307e-06 5.52786935947132e-06 -2.36965243802364e-07 2.76404239954552e-06 -7.79312820596294e-05 1.72274464050619e-04 -3.55802180915354e-05 -1.65913934521276e-05 -6.62014263974522e-06 -5.42354595864884e-05 1.30169030466248e-05 -3.07642346258620e-05 -8.48208311299045e-06 -3.75590005223017e-05 -4.33443973286402e-05 -4.03783829361666e-05 -3.78598714577444e-05 1.05306055910084e-05 5.55876977825128e-05 -5.79165407769143e-05 -8.21027831090365e-06 -1.56828556401944e-05 -3.60091684912954e-06 1.14204180627504e-05 2.59010504859370e-05 2.74444070515098e-05 -1.04399745342388e-05 -4.24658848083424e-06 -8.57781669442190e-07 4.04875371440479e-06 5.61587438349222e-07 1.81538916566992e-06 4.47563166190141e-07 9.28402561138278e-06 1.62498248099177e-06 -3.89666213864206e-07 -8.16644103591437e-07 -5.24213184809200e-06 -1.72098506776198e-06 1.26816016294388e-06 -6.20703144635519e-06 -3.99956155947391e-06 -6.57407001968438e-07 -2.78165947520298e-06 1.38667062879245e-04 -3.08839763694915e-04 4.89475021727341e-05 3.39397801202053e-05 1.81579377097713e-06 6.49083941401015e-05 -9.31168021092902e-06 4.85714648516513e-05 2.35231256012371e-05 3.74697396783300e-05 6.62332044023966e-05 4.39357295941204e-05 5.24232360344783e-05 -1.64303527665012e-05 -5.79165407769143e-05 1.04370520810966e-04 1.39515090358407e-05 4.08480159278604e-05 4.26883500962268e-06 -1.08450533161227e-05 -2.07582316495939e-05 -4.23214946756511e-05 1.05862664741949e-05 4.33823019645830e-06 -1.97479519007676e-05 -8.65020059666072e-06 6.00828366833563e-07 -9.81010384275099e-06 1.70645507363437e-06 -1.89147063129599e-05 -1.04841630509838e-06 -2.34919360464029e-06 -5.39095145741674e-06 1.95337083209371e-06 6.05033718502821e-06 -8.42574198857964e-06 5.61871966967505e-06 9.58187171120181e-06 -1.00519328944649e-05 4.86093990435957e-06 4.16709025098279e-05 -8.56582040301825e-05 -1.36947996057336e-05 2.38429414237863e-05 5.33873862545379e-06 -1.79059707557487e-05 -1.20025342704804e-05 3.76512601738466e-05 -4.88278071379297e-08 -6.02656655430697e-07 2.87076931077720e-05 -1.41662244396587e-05 2.13723236707893e-05 -2.21089999894852e-05 -8.21027831090365e-06 1.39515090358407e-05 2.92899818119629e-05 9.25080039958599e-06 -2.24841556211727e-06 1.21944795415339e-05 7.74739658771599e-06 -1.20317954645903e-05 1.54693771642972e-06 -7.61796391712867e-06 -1.03996546005881e-05 -1.24053391512766e-05 -3.60171021003269e-06 3.39464432239848e-06 1.01241241971537e-05 -9.32091465427020e-06 -1.49360201956557e-06 -5.01067976823581e-06 5.17274637147107e-06 -2.21949252696970e-06 2.69530615453125e-07 -2.31261826947190e-06 4.10576719448151e-06 2.60378191338814e-07 3.68903751074847e-06 1.92856882808981e-07 4.16255646422112e-05 -1.37644800415357e-04 1.25514280365265e-05 2.26653665652669e-05 -2.95921446281675e-05 4.66507973654906e-06 5.05706263870733e-06 1.38811487269418e-05 1.60069281729594e-05 2.31080116965455e-06 2.68648831294410e-05 1.12936177460699e-05 6.91969508419519e-06 -1.18697025096768e-05 -1.56828556401944e-05 4.08480159278604e-05 9.25080039958599e-06 3.89400111765742e-05 4.39872322223750e-06 -2.85737262987466e-06 3.17166314399170e-06 -2.38703591315852e-05 5.01851899641072e-07 -3.17605188817729e-06 -1.79011908812484e-05 -3.14200189202792e-06 1.66440449207404e-06 -6.06037958430263e-06 -1.98920429754027e-06 -8.32497359825352e-06 5.14409517454923e-07 -6.20784324399488e-06 -5.72608620996843e-06 -4.82999101379143e-06 4.68593817119844e-06 -6.00812253138086e-06 -1.28847967006993e-07 2.96564973493643e-06 -1.18031400591109e-05 1.81867030771992e-07 1.79930538690661e-05 -5.33674628417169e-05 9.40378754016537e-06 1.70312900763176e-05 -9.00073583494515e-06 -7.20295605708765e-06 1.02613637729141e-05 -9.94739463329421e-06 3.01824139087197e-06 1.79477248031464e-05 1.36349729396380e-05 1.58294788143469e-05 -4.02400223788936e-06 -4.38524538262718e-06 -3.60091684912954e-06 4.26883500962268e-06 -2.24841556211727e-06 4.39872322223750e-06 1.79817504061115e-05 -3.18595959226799e-06 1.89141047057824e-06 -8.33937336367479e-06 8.86027597864504e-06 -1.00987763545472e-06 -2.13072432356210e-06 7.67756350566054e-07 3.97466129831770e-06 -1.08085866073152e-05 -1.94997358322496e-06 6.64016719377639e-06 5.70250779903574e-07 -3.68193654663244e-06 9.37950347880297e-07 -6.37421636607620e-06 -2.06897612646109e-06 -2.80502287790628e-06 -3.52907490411930e-06 -5.99338247314023e-07 -1.37419235529886e-06 -6.34601361602986e-07 2.69295315687877e-05 -4.32335138898870e-05 -2.62574020270905e-05 2.52472700041268e-05 1.25448390896798e-05 -4.42888615378318e-05 8.22744590680400e-06 4.32148026447735e-05 -9.80149784665487e-06 -7.32827066726400e-06 2.48171381290105e-05 -2.82472324624012e-05 2.03561694791144e-05 -2.79511930420427e-05 1.14204180627504e-05 -1.08450533161227e-05 1.21944795415339e-05 -2.85737262987466e-06 -3.18595959226799e-06 4.18463057146667e-05 1.13433114483702e-05 -8.62482771766906e-06 -1.69477834371616e-05 -3.44071041532131e-06 -1.27514525295467e-05 -1.17509510061733e-05 -4.53621693894501e-06 2.04879937234553e-06 1.46771368207012e-05 3.99031170143452e-07 -5.23266001272859e-06 -3.24558992568667e-06 -2.37216212149378e-06 -5.83225509786308e-06 2.45359171858562e-06 4.54534870555956e-06 6.22704167804133e-07 -4.84510576916185e-06 6.19269528025055e-06 -5.88671193715673e-06 -2.74399163911107e-05 9.20724072596029e-06 -1.80033411833092e-05 2.21431961347948e-05 -3.62528045788590e-05 -5.33895087860358e-05 1.61812059936753e-05 -1.80028852751739e-05 1.71233151150890e-05 -2.83349733861642e-05 2.34876183936804e-05 -1.89278988715765e-05 -3.49087658067630e-05 -6.14410124482170e-06 2.59010504859370e-05 -2.07582316495939e-05 7.74739658771599e-06 3.17166314399170e-06 1.89141047057824e-06 1.13433114483702e-05 4.97938119812596e-05 -5.01442030150459e-07 8.74859188208626e-07 -7.15419800466705e-06 -1.34360657608201e-05 1.82705301061209e-06 -7.34357164612467e-07 -2.19011646176589e-06 4.87086588436665e-06 4.96893653647530e-06 4.59091211393067e-06 -1.04774167413814e-05 -2.94994947187704e-06 -1.28617996373208e-05 -2.15778379869621e-06 -3.41938185681366e-06 -1.81580745235958e-06 -2.39933408572583e-06 5.51652191944920e-07 9.91229955046168e-07 -7.00773037708838e-05 1.80361308902342e-04 -2.22764602640171e-05 -4.86646571415854e-05 1.20665953155757e-05 2.45290583554633e-06 -4.83056598554585e-06 -1.66679097167591e-05 -1.03907994945853e-05 -1.30664040335665e-05 -6.81194783413248e-05 -2.47392698054700e-05 -2.92322599714295e-05 1.97676241347003e-05 2.74444070515098e-05 -4.23214946756511e-05 -1.20317954645903e-05 -2.38703591315852e-05 -8.33937336367479e-06 -8.62482771766906e-06 -5.01442030150459e-07 4.43404757448710e-05 -3.49226538237965e-06 -3.84366774243705e-06 1.78237366609080e-05 1.10144378265430e-06 3.47738347091685e-06 9.79398001584970e-06 -7.26481658791204e-06 7.14243690711300e-06 -1.36153618830761e-06 8.50692509950446e-06 5.28529122058746e-06 5.10980025320862e-06 -1.42569610311449e-06 5.62369909574792e-06 3.16235666944520e-06 -3.37082904726000e-06 4.12029547370677e-06 1.27721905826421e-06 9.76888570021648e-06 -4.29365914321619e-05 2.16896849182107e-05 8.63755358859680e-06 -1.37003261526433e-05 1.58348831309391e-05 -5.21838394625472e-06 -3.13658555841798e-05 1.73564143589928e-05 1.52700802560119e-05 8.47153179466327e-06 2.12267746141195e-05 -7.00505753456327e-06 1.04712847163133e-05 -1.04399745342388e-05 1.05862664741949e-05 1.54693771642972e-06 5.01851899641072e-07 8.86027597864504e-06 -1.69477834371616e-05 8.74859188208626e-07 -3.49226538237965e-06 2.67151679202958e-05 -1.71356474545560e-06 4.31028792954488e-06 7.03478145323600e-06 8.48282928628978e-06 -6.12951129363772e-06 -4.05441689190421e-06 -1.56150749368495e-06 6.34222031695475e-06 -2.08302665322791e-06 1.72748788914000e-06 -4.56328763749686e-06 -4.38964966913902e-06 -5.82207597092248e-06 -5.65608038596156e-06 4.13960538894006e-06 2.13089065476961e-06 4.04841656989529e-06 1.21692222358896e-05 -2.15600776129903e-05 1.25939266977153e-05 3.18607886557218e-06 4.92468698687683e-06 1.20665417846066e-05 3.77330296623181e-07 -6.12742937850547e-06 -1.37597703556562e-06 3.59232048768464e-06 9.93351328333434e-06 1.63036280351722e-05 9.98210925559804e-06 7.40457002554756e-06 -4.24658848083424e-06 4.33823019645830e-06 -7.61796391712867e-06 -3.17605188817729e-06 -1.00987763545472e-06 -3.44071041532131e-06 -7.15419800466705e-06 -3.84366774243705e-06 -1.71356474545560e-06 1.16081699454944e-05 5.76282442757425e-07 6.63577319305435e-06 -1.14831406230035e-06 -1.68515375496715e-07 -2.76750098146181e-06 3.01212870364590e-06 1.67561160426517e-06 3.13149814729046e-06 -5.69847272212345e-07 4.57072749500097e-06 2.59336272712925e-07 3.26048949313474e-07 -4.09016461367444e-06 9.74182186462751e-07 1.25905719436333e-06 7.86418486109557e-07 -3.99376295606723e-05 1.11386750780063e-04 3.74115354791048e-06 -3.32736456952314e-05 1.48216422651799e-05 2.64874549009803e-05 -1.05590060568725e-05 -2.20009495037066e-05 -1.46674571114315e-05 1.50703252013380e-05 -3.67151646749002e-05 2.43787178075532e-06 -1.26818568084272e-05 1.73162638164717e-05 -8.57781669442190e-07 -1.97479519007676e-05 -1.03996546005881e-05 -1.79011908812484e-05 -2.13072432356210e-06 -1.27514525295467e-05 -1.34360657608201e-05 1.78237366609080e-05 4.31028792954488e-06 5.76282442757425e-07 2.92403801999476e-05 4.47752619959357e-07 1.14324654244378e-06 4.15659368563158e-06 -3.54223283324593e-06 4.72614869235710e-06 -2.77127160254819e-06 6.44199976756758e-06 7.06762062423482e-06 5.76119991291770e-06 -1.48866353515650e-06 6.20331340257851e-06 -9.38843224075144e-07 2.25561131840215e-06 6.49704908201347e-06 2.07528269721402e-06 -1.70497951801939e-05 1.50713705457685e-05 1.61845954848634e-05 -1.14690991975536e-06 -1.61363577808507e-05 6.81638668749252e-06 1.94209374909810e-06 -4.08080973213795e-05 9.22915364391592e-06 -1.38361236529650e-05 -2.80944111939042e-07 1.30885775083843e-05 -9.30856295719241e-06 2.07699418796882e-05 4.04875371440479e-06 -8.65020059666072e-06 -1.24053391512766e-05 -3.14200189202792e-06 7.67756350566054e-07 -1.17509510061733e-05 1.82705301061209e-06 1.10144378265430e-06 7.03478145323600e-06 6.63577319305435e-06 4.47752619959357e-07 2.22613837520990e-05 3.63923110836310e-06 6.67534502642738e-07 -5.92703503457601e-06 2.12110389807115e-06 8.63744207926597e-06 2.35938837730060e-06 -3.90580683500062e-06 -3.12788306386341e-07 -6.02037311333161e-06 -3.31263519196865e-06 -9.68061054996058e-06 -3.87535577096349e-07 -2.88207177868334e-07 -9.11253174902673e-07 -1.01873202123293e-05 1.03130077475134e-05 4.27010413269946e-06 -6.11346514955776e-06 -9.68107473099862e-06 5.16588392875813e-06 3.62429418710569e-06 -1.59107201637882e-05 1.05659626930551e-05 2.95267587074821e-06 -1.70112513259493e-05 2.16789047912427e-06 -1.19547230030618e-05 6.99056174789731e-06 5.61587438349222e-07 6.00828366833563e-07 -3.60171021003269e-06 1.66440449207404e-06 3.97466129831770e-06 -4.53621693894501e-06 -7.34357164612467e-07 3.47738347091685e-06 8.48282928628978e-06 -1.14831406230035e-06 1.14324654244378e-06 3.63923110836310e-06 1.37444270425697e-05 -3.69592647320219e-06 -4.17296308078885e-06 -8.15933055576118e-07 3.18301286223507e-06 -2.97771597064553e-06 -2.81260674815986e-06 -3.91877807538396e-06 -1.96396959367630e-06 -2.02799871190179e-06 -3.27812355353382e-06 1.18229925318027e-06 -2.67097328185390e-06 1.88248909155583e-06 -9.93927056894042e-06 3.07449139860671e-05 -5.51464725042340e-06 -1.15389673421909e-05 5.67795575188633e-06 5.19786124030100e-06 -8.14355831427615e-06 4.72767258731282e-06 -4.04619102676636e-06 -1.21858623518605e-05 -8.58321789126203e-06 -1.24126484693826e-05 4.71942946034696e-06 6.40497759089197e-06 1.81538916566992e-06 -9.81010384275099e-06 3.39464432239848e-06 -6.06037958430263e-06 -1.08085866073152e-05 2.04879937234553e-06 -2.19011646176589e-06 9.79398001584970e-06 -6.12951129363772e-06 -1.68515375496715e-07 4.15659368563158e-06 6.67534502642738e-07 -3.69592647320219e-06 1.47213525268991e-05 1.43855493790621e-06 -4.41933972974144e-06 2.64565394712050e-07 6.27218003285168e-06 1.61922425651630e-06 4.68235751349682e-06 -5.73131324129289e-07 1.71374557141300e-06 2.55793050060092e-06 -7.68414611371232e-07 4.00557240248882e-06 -6.55462774626233e-07 1.94999866769075e-05 -2.69703600135598e-05 -5.46134463434549e-06 1.20117864154655e-05 1.18604788538585e-05 -1.06020734099022e-05 -4.38877260847409e-06 1.67070122648477e-05 -7.96863567908531e-06 -7.40559992728688e-07 1.70574593090886e-05 -1.16874253327280e-05 1.68571938859570e-05 -9.74394805530193e-06 4.47563166190141e-07 1.70645507363437e-06 1.01241241971537e-05 -1.98920429754027e-06 -1.94997358322496e-06 1.46771368207012e-05 4.87086588436665e-06 -7.26481658791204e-06 -4.05441689190421e-06 -2.76750098146181e-06 -3.54223283324593e-06 -5.92703503457601e-06 -4.17296308078885e-06 1.43855493790621e-06 1.30628500666427e-05 -3.41077280153325e-06 -1.62348114771074e-06 -4.83376880059391e-07 8.96466003276005e-07 -2.43933086217963e-06 -2.54917091671523e-06 1.45686245891778e-06 -1.06174359715084e-06 -6.08327445681693e-07 4.10507451875495e-06 -2.20625030445944e-06 -1.29811570550281e-05 2.46067656048358e-05 -3.73402485608437e-06 4.33814274431101e-07 -2.96899414975683e-06 -1.18740119380130e-05 8.71109233671056e-06 -8.39486085592817e-06 -1.78967611522450e-06 3.76955245391197e-06 -5.74153462858755e-07 4.53389281214508e-06 -1.23924601442491e-05 -1.07930419153563e-07 9.28402561138278e-06 -1.89147063129599e-05 -9.32091465427020e-06 -8.32497359825352e-06 6.64016719377639e-06 3.99031170143452e-07 4.96893653647530e-06 7.14243690711300e-06 -1.56150749368495e-06 3.01212870364590e-06 4.72614869235710e-06 2.12110389807115e-06 -8.15933055576118e-07 -4.41933972974144e-06 -3.41077280153325e-06 1.79059164793884e-05 -2.57204673413312e-06 1.38793781997954e-06 2.07227039597290e-06 3.11493941781721e-07 -5.24600265534815e-08 4.01046442997033e-06 -2.22720136781610e-06 -4.05615660149991e-06 4.30648123605667e-06 -1.65196608747883e-06 1.13059535134524e-07 -8.45215739291387e-06 8.74053003922553e-06 4.99151323460237e-06 -5.72692777264651e-06 1.25619013466957e-06 -1.83631160465050e-07 -1.80559526877746e-05 4.75416525440389e-06 -3.07108890560010e-06 6.12955059391062e-06 6.63999176412287e-06 -3.46263179992422e-07 8.62042350188116e-06 1.62498248099177e-06 -1.04841630509838e-06 -1.49360201956557e-06 5.14409517454923e-07 5.70250779903574e-07 -5.23266001272859e-06 4.59091211393067e-06 -1.36153618830761e-06 6.34222031695475e-06 1.67561160426517e-06 -2.77127160254819e-06 8.63744207926597e-06 3.18301286223507e-06 2.64565394712050e-07 -1.62348114771074e-06 -2.57204673413312e-06 9.02430033652882e-06 -3.84458795860452e-07 -1.56709392848083e-06 -2.15582280709596e-06 -4.28766453042220e-06 -3.58177217437433e-06 -5.39599750030760e-06 1.00712359764880e-06 -1.47414890998672e-06 7.79000814521851e-07 4.30422226433396e-06 8.18087108767722e-06 6.37647241576270e-06 -6.91151792455147e-06 1.20122019857854e-05 1.44779694088804e-05 -6.11925472291704e-06 -2.90650972856948e-06 -7.70978504375086e-06 2.95651980007537e-06 -5.08189049023471e-06 1.38396245052259e-06 1.10685371339604e-05 9.47416422340862e-06 -3.89666213864206e-07 -2.34919360464029e-06 -5.01067976823581e-06 -6.20784324399488e-06 -3.68193654663244e-06 -3.24558992568667e-06 -1.04774167413814e-05 8.50692509950446e-06 -2.08302665322791e-06 3.13149814729046e-06 6.44199976756758e-06 2.35938837730060e-06 -2.97771597064553e-06 6.27218003285168e-06 -4.83376880059391e-07 1.38793781997954e-06 -3.84458795860452e-07 1.13675578625067e-05 2.52273220399942e-06 5.77820862316113e-06 1.53988243302279e-07 1.42507076386686e-06 -1.13729256331666e-06 7.51721130764245e-07 3.88764955891070e-06 -9.91575927884397e-07 3.36609015892984e-06 1.09355555199558e-05 -1.65796413831419e-06 -1.68735474595969e-06 1.25919580127989e-05 2.91601257207999e-06 -9.46150605040546e-06 3.46167942877096e-06 -1.11948718678822e-05 7.93927702359736e-06 -1.96063492526718e-07 -1.81347473059120e-07 6.92768020234000e-06 -7.80805252856610e-07 -8.16644103591437e-07 -5.39095145741674e-06 5.17274637147107e-06 -5.72608620996843e-06 9.37950347880297e-07 -2.37216212149378e-06 -2.94994947187704e-06 5.28529122058746e-06 1.72748788914000e-06 -5.69847272212345e-07 7.06762062423482e-06 -3.90580683500062e-06 -2.81260674815986e-06 1.61922425651630e-06 8.96466003276005e-07 2.07227039597290e-06 -1.56709392848083e-06 2.52273220399942e-06 9.51051390596683e-06 2.40919958852696e-06 -5.71690332257061e-07 1.48287767533038e-06 6.99593894900370e-07 1.45115775889330e-07 5.94263703261441e-06 4.14961761194737e-07 5.47025826981523e-07 1.41237771628851e-05 1.14341876208798e-06 -1.04804770023311e-05 1.05242244821095e-05 1.44315657743664e-05 -5.69175447871337e-06 7.63535985828506e-06 -5.30284371508811e-06 2.17940263578932e-06 -8.26229532831358e-06 2.86276255005888e-06 6.12892705864862e-06 2.97816037682995e-06 -5.24213184809200e-06 1.95337083209371e-06 -2.21949252696970e-06 -4.82999101379143e-06 -6.37421636607620e-06 -5.83225509786308e-06 -1.28617996373208e-05 5.10980025320862e-06 -4.56328763749686e-06 4.57072749500097e-06 5.76119991291770e-06 -3.12788306386341e-07 -3.91877807538396e-06 4.68235751349682e-06 -2.43933086217963e-06 3.11493941781721e-07 -2.15582280709596e-06 5.77820862316113e-06 2.40919958852696e-06 1.26536848639173e-05 2.01853826905869e-06 2.91714531636072e-06 3.07935789206078e-06 8.07377884329599e-07 3.28469462886622e-06 5.65976721017441e-07 3.12880067553643e-06 -6.91308986810368e-06 -3.36009872030318e-06 4.30012698208514e-07 3.19892487461963e-07 -1.09053426000191e-06 1.83806030131986e-06 1.15365499818533e-05 -4.99548938503346e-07 2.16923579673131e-06 2.60109574704842e-08 8.10003116762019e-07 -2.00471275013231e-07 -7.71439123487520e-06 -1.72098506776198e-06 6.05033718502821e-06 2.69530615453125e-07 4.68593817119844e-06 -2.06897612646109e-06 2.45359171858562e-06 -2.15778379869621e-06 -1.42569610311449e-06 -4.38964966913902e-06 2.59336272712925e-07 -1.48866353515650e-06 -6.02037311333161e-06 -1.96396959367630e-06 -5.73131324129289e-07 -2.54917091671523e-06 -5.24600265534815e-08 -4.28766453042220e-06 1.53988243302279e-07 -5.71690332257061e-07 2.01853826905869e-06 9.26849756925961e-06 1.10006131198387e-06 5.57605410648753e-06 5.32268686750492e-08 -3.05850838095517e-06 4.77157158069042e-07 -1.20858150869463e-06 1.53478023466938e-05 -5.91467401701119e-06 -4.52907614589546e-06 8.90285454399404e-06 -7.02808077149298e-07 -1.09402285539849e-06 1.00075398696850e-05 -6.13645490229987e-06 4.12746937002935e-06 -3.78766863669830e-06 -2.45562072775473e-06 2.48209347144426e-06 -4.14390672732955e-06 1.26816016294388e-06 -8.42574198857964e-06 -2.31261826947190e-06 -6.00812253138086e-06 -2.80502287790628e-06 4.54534870555956e-06 -3.41938185681366e-06 5.62369909574792e-06 -5.82207597092248e-06 3.26048949313474e-07 6.20331340257851e-06 -3.31263519196865e-06 -2.02799871190179e-06 1.71374557141300e-06 1.45686245891778e-06 4.01046442997033e-06 -3.58177217437433e-06 1.42507076386686e-06 1.48287767533038e-06 2.91714531636072e-06 1.10006131198387e-06 8.98343007904840e-06 1.38015276742183e-06 -2.34633463321626e-06 3.21080553782339e-06 -1.85513433763552e-06 -2.40427117552838e-06 7.94103261017267e-06 -9.50735283236292e-06 -6.70835264625907e-06 2.09733901645350e-06 9.96754652438336e-07 -3.62381146996640e-07 2.15260315404290e-05 1.54335046323431e-06 -2.40097430995214e-06 -4.34683125301318e-06 -6.95004369952141e-06 -2.81830939381894e-06 -9.26009154872307e-06 -6.20703144635519e-06 5.61871966967505e-06 4.10576719448151e-06 -1.28847967006993e-07 -3.52907490411930e-06 6.22704167804133e-07 -1.81580745235958e-06 3.16235666944520e-06 -5.65608038596156e-06 -4.09016461367444e-06 -9.38843224075144e-07 -9.68061054996058e-06 -3.27812355353382e-06 2.55793050060092e-06 -1.06174359715084e-06 -2.22720136781610e-06 -5.39599750030760e-06 -1.13729256331666e-06 6.99593894900370e-07 3.07935789206078e-06 5.57605410648753e-06 1.38015276742183e-06 1.51409381937232e-05 -4.87877378214293e-07 -2.45573352463495e-06 1.45161302458916e-07 3.66374072277025e-06 -1.38452985379696e-05 6.47054522008674e-06 3.90594325543878e-07 -3.54346517388151e-06 8.77360203024510e-06 -2.95487025855842e-06 -4.90105459904475e-06 4.69692070567958e-06 7.58714486214910e-08 4.90085045144443e-06 3.39920035924982e-07 6.49040994810895e-07 5.52786935947132e-06 -3.99956155947391e-06 9.58187171120181e-06 2.60378191338814e-07 2.96564973493643e-06 -5.99338247314023e-07 -4.84510576916185e-06 -2.39933408572583e-06 -3.37082904726000e-06 4.13960538894006e-06 9.74182186462751e-07 2.25561131840215e-06 -3.87535577096349e-07 1.18229925318027e-06 -7.68414611371232e-07 -6.08327445681693e-07 -4.05615660149991e-06 1.00712359764880e-06 7.51721130764245e-07 1.45115775889330e-07 8.07377884329599e-07 5.32268686750492e-08 -2.34633463321626e-06 -4.87877378214293e-07 7.75090635611013e-06 -1.39281743352410e-06 3.61006484096974e-06 7.48502548292365e-06 -6.20639346267435e-06 6.93128806788726e-08 4.62731775493034e-06 8.09788902973763e-06 -1.51447170106143e-06 -4.72610299617066e-06 1.04805709570940e-06 -3.39905974878817e-06 5.23266526059386e-06 7.88786871234333e-06 1.05983580043098e-06 6.91244303348111e-06 -2.36965243802364e-07 -6.57407001968438e-07 -1.00519328944649e-05 3.68903751074847e-06 -1.18031400591109e-05 -1.37419235529886e-06 6.19269528025055e-06 5.51652191944920e-07 4.12029547370677e-06 2.13089065476961e-06 1.25905719436333e-06 6.49704908201347e-06 -2.88207177868334e-07 -2.67097328185390e-06 4.00557240248882e-06 4.10507451875495e-06 4.30648123605667e-06 -1.47414890998672e-06 3.88764955891070e-06 5.94263703261441e-06 3.28469462886622e-06 -3.05850838095517e-06 3.21080553782339e-06 -2.45573352463495e-06 -1.39281743352410e-06 1.62419203197456e-05 -1.32839487542515e-06 -3.08316404269594e-06 4.21719662195279e-06 1.37208112762007e-06 -3.61948325295215e-06 -1.86557226394508e-06 5.88866633475230e-06 -2.41793324288317e-06 -2.26134979106786e-06 3.64856091627937e-06 1.58481583249369e-06 -2.28329686506595e-06 5.10900020739728e-07 -4.56876176576941e-06 2.76404239954552e-06 -2.78165947520298e-06 4.86093990435957e-06 1.92856882808981e-07 1.81867030771992e-07 -6.34601361602986e-07 -5.88671193715673e-06 9.91229955046168e-07 1.27721905826421e-06 4.04841656989529e-06 7.86418486109557e-07 2.07528269721402e-06 -9.11253174902673e-07 1.88248909155583e-06 -6.55462774626233e-07 -2.20625030445944e-06 -1.65196608747883e-06 7.79000814521851e-07 -9.91575927884397e-07 4.14961761194737e-07 5.65976721017441e-07 4.77157158069042e-07 -1.85513433763552e-06 1.45161302458916e-07 3.61006484096974e-06 -1.32839487542515e-06 6.74166964799933e-06 