1.12162270337651e-02 -1.49657469969060e-02 9.21752517651819e-04 1.74170346418299e-03 4.23460717971823e-03 1.21859050946084e-03 -8.20126059172474e-04 2.91784964324062e-03 -7.18126119341230e-04 2.10273407530650e-03 2.46443120700615e-03 1.04474641703152e-03 3.77077994237744e-03 -9.60591744173860e-04 -8.02063431895571e-04 2.18549791916771e-03 6.80217989985054e-04 1.15254127848641e-04 2.57166009864839e-04 5.01966624251897e-04 -6.58882261911136e-04 -7.55052613208613e-04 2.48784582721972e-05 2.01927974567160e-04 -5.12015041985004e-04 -3.21168832618705e-04 -1.56440468752091e-04 -1.55290455358275e-04 4.28995438257997e-04 -2.01937553464106e-04 1.96375135879147e-05 1.85084887619096e-04 1.63753512251857e-04 7.76832060843576e-05 3.07760315037672e-06 1.86751176092843e-05 -9.70838817895200e-05 1.37295439541545e-06 1.65111024885165e-04 -6.72776697514460e-05 -1.49657469969060e-02 3.63627826154979e-02 -3.05838736935076e-03 -5.76839697317465e-03 1.82210669500181e-03 -1.14687344271453e-03 -2.94521845555560e-04 -3.37485651038931e-03 -2.52176687558132e-03 -2.54806247538648e-03 -7.56044613233163e-03 -2.93563432648258e-03 -4.28194787675106e-03 1.79876867083876e-03 2.73294883198930e-03 -5.33915987404178e-03 -1.49494613678542e-03 -2.79581756016719e-03 -1.10808257439084e-03 -7.65138639676113e-04 -1.30020059876254e-04 2.86232119584088e-03 -8.89047054693209e-04 -3.11209331064249e-04 2.05454840805386e-03 2.21748762086005e-05 -2.70910332787021e-06 4.01510884772441e-04 -2.95226013173261e-04 3.06278881596614e-04 -1.46590638657726e-04 1.05947891395326e-04 2.89772609040332e-04 2.76260773821135e-04 -6.30235433719412e-05 2.43018424968426e-04 1.91584761258881e-04 -2.37686028054033e-04 -1.52135750512767e-04 9.65557124066527e-05 9.21752517651819e-04 -3.05838736935076e-03 5.31579686290574e-03 1.65873430314066e-04 -3.86226918073746e-04 3.84508217765038e-03 3.45241636153523e-04 -3.73834816078067e-03 3.69961294950698e-04 1.14207564339405e-03 1.23998883378481e-03 2.33552157894874e-03 9.06396755652320e-04 1.36705130975684e-03 -1.01768760733270e-03 1.46070900930996e-03 -8.07646368264043e-04 1.83991709301232e-04 3.01040617772478e-04 -8.49637914610448e-04 -6.56538868312886e-04 -6.50313902090975e-04 5.79645101179901e-04 4.38336606740746e-04 2.11645536279032e-04 5.87458233602865e-04 1.11902773720887e-04 -1.04511467732069e-04 -1.00920749830440e-04 -1.05622491139023e-04 3.26195843103154e-04 3.03387261241520e-04 -5.07683443499640e-05 4.22128637571241e-05 -1.17338931343360e-04 -2.03931093324005e-04 -3.44155741166787e-04 1.80021967309572e-04 2.46064155553777e-05 -3.28190605726828e-05 1.74170346418299e-03 -5.76839697317465e-03 1.65873430314066e-04 5.53678831481168e-03 -7.26431468694920e-04 -3.64013251444445e-03 5.37408871892807e-04 -6.65908116507175e-04 3.68362492443444e-04 3.01068233064498e-04 4.00839641598979e-03 6.85040563320147e-04 1.37737684930323e-03 -1.20888586376014e-03 -8.51114389301600e-05 1.98432129608652e-04 7.62463814861166e-04 3.04362433901316e-04 5.57709024028189e-04 8.59287289245296e-04 7.90340877647383e-04 -1.43375689553697e-03 3.84397011317333e-04 1.15613705051147e-04 -9.73749260259390e-04 1.62060611936197e-07 -1.56270701812480e-04 -4.42382597123056e-04 3.98162866185762e-04 6.49545597975354e-05 2.06848527775204e-04 -1.08330657356689e-04 5.15661541853556e-05 -3.31407679844474e-04 2.54820125694228e-05 -1.42874126694087e-04 -3.15538829799526e-04 -1.23770936959743e-05 2.55876551180213e-04 -1.22135153404455e-04 4.23460717971823e-03 1.82210669500181e-03 -3.86226918073746e-04 -7.26431468694920e-04 7.14811633401711e-03 1.25482569309164e-03 -1.53297437735751e-03 2.62523011039161e-03 -2.79802827958382e-03 1.94902403596386e-03 -5.94981800363847e-04 -1.19041098222102e-04 3.70099502093922e-03 -4.17222194342170e-04 3.43004074081914e-04 -2.97236549444090e-05 4.75766264959936e-05 -2.04113749493269e-03 -3.65216451906990e-04 4.24769448520422e-04 -1.24703273869684e-03 5.32376440900738e-04 -4.79590062184202e-04 2.20200985197453e-04 5.44499271816987e-04 -5.71882418603606e-04 -3.11274716026432e-04 4.52079951028540e-05 5.19974740640630e-04 -1.00372597228558e-04 -7.11575509435884e-05 4.15486677904159e-04 4.59164379624359e-04 3.11058176857718e-04 -3.75221056006907e-05 2.62047814699253e-04 -6.49882803747550e-06 -1.53253838504829e-04 2.60267184404509e-04 -3.75767694873781e-05 1.21859050946084e-03 -1.14687344271453e-03 3.84508217765038e-03 -3.64013251444445e-03 1.25482569309164e-03 8.31321768293025e-03 -1.51920513054895e-03 -6.81439701122901e-04 1.64461523822192e-04 1.66905646635044e-03 -1.38900349749465e-03 2.16094895956096e-03 1.30415226733970e-03 2.25315715370814e-03 -2.48848027119876e-03 3.02397818198887e-03 -8.63834162350429e-04 1.54341794601895e-04 -7.38235435027408e-04 -1.78710922505240e-03 -2.05641496474793e-03 4.82583283228663e-04 4.35414140982652e-04 3.71771552320514e-04 1.36788709449990e-03 1.87887145648198e-04 1.17593931883020e-04 4.85043570685353e-04 -3.31842188600859e-04 -4.24627860704095e-04 -4.85712632894527e-05 5.18532923887915e-04 1.08484464415531e-04 5.32298117961433e-04 -6.22428788802647e-05 6.69367330191339e-05 1.74300217511561e-04 3.40689644211695e-04 -3.25707149200520e-05 2.42047842769219e-04 -8.20126059172474e-04 -2.94521845555560e-04 3.45241636153523e-04 5.37408871892807e-04 -1.53297437735751e-03 -1.51920513054895e-03 3.85838125817782e-03 -5.15615378431301e-04 8.09081808246479e-04 3.89192407162266e-04 4.35215283188624e-05 4.19116510313625e-04 -2.00576104592488e-03 -1.34780354146756e-04 7.15073013816305e-04 -2.90713852834982e-04 -1.21940214700047e-03 4.37922082722862e-05 8.85497762219057e-04 9.55612195031695e-04 5.42438603021984e-04 -3.62430601321290e-04 -1.03758501691012e-03 1.43984722423373e-04 -9.19272058736575e-04 -2.04115471245064e-04 2.27888449802926e-04 -5.25070240198009e-04 -3.66135073765857e-04 5.46396476075833e-04 -8.59938630792977e-05 -2.45352839247199e-04 -8.91703270470481e-04 -1.75922899655437e-04 1.07217248757321e-04 -3.47666448567027e-05 1.26559966621782e-04 -2.09013952238535e-04 -3.38149639377596e-04 -2.37411930383542e-04 2.91784964324062e-03 -3.37485651038931e-03 -3.73834816078067e-03 -6.65908116507175e-04 2.62523011039161e-03 -6.81439701122901e-04 -5.15615378431301e-04 9.68155876636024e-03 -8.76151824125625e-04 6.23884011116012e-04 6.80721628525790e-04 -1.87643486150488e-03 2.16471627927108e-03 -3.35763157435829e-03 -1.36667599832652e-03 1.68691249862228e-03 1.31128434149446e-03 3.80287124667710e-04 -6.37577515242739e-04 1.62762753055789e-03 -8.42150593304063e-04 8.79928091438223e-05 -1.76176098963996e-03 -1.60509956631343e-04 -8.40501193318258e-04 -1.86494821869046e-03 -7.19639385458858e-04 3.47111520489935e-04 3.14210550983547e-04 -7.78521521896266e-05 -8.74562212486057e-04 -2.30005353372382e-04 4.66095510992715e-06 4.54034933506160e-04 4.59363356215426e-04 5.41264436133180e-04 1.12296824659596e-03 -2.43388763903246e-04 -6.03848802946536e-05 -1.08819946329798e-05 -7.18126119341230e-04 -2.52176687558132e-03 3.69961294950698e-04 3.68362492443444e-04 -2.79802827958382e-03 1.64461523822192e-04 8.09081808246479e-04 -8.76151824125625e-04 5.08297535022280e-03 -1.49639263385826e-03 5.70053559094192e-04 4.21773135926950e-04 -2.17229671207456e-03 3.89199641275959e-04 -2.63670041202122e-04 1.01568718954667e-03 -5.75828831180838e-05 6.28623617542468e-05 -3.70028109893196e-04 -4.43755868493700e-04 5.92051417331713e-04 5.24091876195891e-05 1.33330992906375e-03 -2.21406453009854e-04 -7.37039006906161e-04 2.56429490422465e-04 9.69478278053071e-04 -2.98589939670159e-05 -5.48960145050439e-04 -4.83223955649305e-05 1.48183406899265e-04 -4.42635092032093e-04 -9.22735166544719e-04 -2.09803476874867e-04 -6.78082988976640e-05 -1.37262011127837e-04 3.17508953775850e-04 3.02573955510284e-04 3.88560412636340e-05 2.64918553213805e-04 2.10273407530650e-03 -2.54806247538648e-03 1.14207564339405e-03 3.01068233064498e-04 1.94902403596386e-03 1.66905646635044e-03 3.89192407162266e-04 6.23884011116012e-04 -1.49639263385826e-03 6.67569180131760e-03 -4.01605346692106e-04 2.47733507524940e-03 5.20748975276082e-04 -7.43926247503886e-04 -1.38689016237317e-03 6.69359478384055e-04 -2.88191408013445e-04 -1.84931095486241e-04 1.18576360258444e-03 -2.47796453402655e-04 -1.03770081451199e-03 -9.09496255110859e-05 1.19899915090784e-03 -1.35803051392525e-04 1.58011480447931e-03 -1.28138360963949e-03 4.27305377811951e-04 -7.79593075762993e-04 -9.91775387342099e-05 4.41128425480177e-04 -1.13761232480669e-04 8.09425437098468e-05 4.68280657920128e-04 -1.33587624446633e-05 8.50187964531293e-05 3.27026143787420e-04 -2.89938694419376e-04 -1.30685343454592e-04 3.10438239436292e-04 1.72362693492932e-04 2.46443120700615e-03 -7.56044613233163e-03 1.23998883378481e-03 4.00839641598979e-03 -5.94981800363847e-04 -1.38900349749465e-03 4.35215283188624e-05 6.80721628525790e-04 5.70053559094192e-04 -4.01605346692106e-04 9.05091028987080e-03 9.59069354003208e-04 1.72374987823563e-03 -8.96784787281043e-04 -1.27410663605419e-03 9.86955409848443e-04 6.22264117888505e-04 -1.48671369203934e-04 1.63997466153662e-04 7.42468747582917e-04 1.69371411678801e-03 -2.36708188663017e-03 1.26692131810336e-04 5.55169520621824e-04 -7.16664587689719e-04 1.73833202889381e-04 -1.30091017778903e-03 -5.10337103430207e-05 7.03439497507796e-04 4.56253398410008e-04 4.29829587403658e-04 -1.92113181645830e-05 3.41412363456130e-04 -2.95862471276764e-04 -5.13950703076958e-05 1.32056155639244e-04 -8.74029903819560e-05 3.99440142011121e-04 4.05845943414802e-04 -1.14773159917049e-05 1.04474641703152e-03 -2.93563432648258e-03 2.33552157894874e-03 6.85040563320147e-04 -1.19041098222102e-04 2.16094895956096e-03 4.19116510313625e-04 -1.87643486150488e-03 4.21773135926950e-04 2.47733507524940e-03 9.59069354003208e-04 6.29289383829993e-03 3.25862920497387e-05 3.67301173072545e-04 -1.65130780773755e-03 9.16254369636543e-04 -1.05938832039809e-03 7.34465525034268e-05 7.00821400921174e-04 -1.69524269413007e-03 -7.54010130867014e-04 -8.65141582135309e-04 7.21953825757808e-04 1.19895678688272e-03 1.29619420092085e-04 8.26126207280847e-04 -1.65920232384594e-04 -6.96549171210460e-04 -9.76124222320199e-04 5.23854808026688e-04 3.84142572679264e-04 -1.11935498328542e-04 7.45049118503254e-05 1.96119856627845e-04 2.82358238021635e-04 1.29695783494938e-04 -2.63205186242096e-04 -4.84840313996661e-04 2.25960749047371e-04 -1.47968821668730e-04 3.77077994237744e-03 -4.28194787675106e-03 9.06396755652320e-04 1.37737684930323e-03 3.70099502093922e-03 1.30415226733970e-03 -2.00576104592488e-03 2.16471627927108e-03 -2.17229671207456e-03 5.20748975276082e-04 1.72374987823563e-03 3.25862920497387e-05 6.50062232207658e-03 -2.27758611117241e-04 -8.78199646838277e-04 6.67255103475371e-04 5.81367629219563e-04 -5.43482944436549e-05 -5.54591588934671e-04 1.00637398160990e-03 -1.99707239428711e-03 -6.63550083088434e-04 -5.26699222775856e-04 5.25509696625150e-04 -6.48430700429858e-04 -8.78939824758211e-05 -3.72554508302284e-04 4.42623593709273e-04 7.45308709216562e-04 -6.37898219876870e-04 1.52691267980846e-04 7.66958632233079e-04 2.25661392318896e-04 2.00867859862887e-04 -1.97081193471320e-04 1.26893679671220e-04 -3.32482746706727e-04 -6.83501765411229e-05 2.57112858386817e-04 -3.10181600428780e-04 -9.60591744173860e-04 1.79876867083876e-03 1.36705130975684e-03 -1.20888586376014e-03 -4.17222194342170e-04 2.25315715370814e-03 -1.34780354146756e-04 -3.35763157435829e-03 3.89199641275959e-04 -7.43926247503886e-04 -8.96784787281043e-04 3.67301173072545e-04 -2.27758611117241e-04 3.70912629416634e-03 6.35184310695750e-04 -3.23220479839290e-04 -9.02204496742616e-04 -4.81512196254053e-04 -2.88620095428627e-04 -1.34178530082547e-03 -1.99665008809996e-04 8.51155646495767e-04 3.69889157542929e-04 7.87302191351011e-04 6.79626813736864e-04 1.04902027627131e-03 3.01732797338056e-04 6.59624543875218e-04 -3.22269298945916e-04 -2.32459296108268e-04 5.50112571256323e-04 8.15341130252335e-04 -1.06295545644418e-04 3.18733202015743e-05 -6.97099902444339e-04 -4.33754262703585e-04 -6.16038797109546e-04 6.31178293473391e-04 7.92579297571975e-05 1.04300842959602e-04 -8.02063431895571e-04 2.73294883198930e-03 -1.01768760733270e-03 -8.51114389301600e-05 3.43004074081914e-04 -2.48848027119876e-03 7.15073013816305e-04 -1.36667599832652e-03 -2.63670041202122e-04 -1.38689016237317e-03 -1.27410663605419e-03 -1.65130780773755e-03 -8.78199646838277e-04 6.35184310695750e-04 4.34257065757127e-03 -1.95658558949983e-03 -3.80884481750641e-04 -2.45783865272380e-04 -5.26657550096802e-05 7.72223028448666e-04 1.49804305941601e-03 1.41180428485516e-03 -4.98253798978679e-04 7.03940902225191e-05 -6.24304958760558e-04 4.23925485888161e-05 -2.35439076251216e-04 -2.51700298779869e-04 7.46808876920804e-05 5.65286731994056e-04 1.70610002243417e-04 8.60216783092533e-05 4.39443236575915e-05 -2.73233779017278e-04 1.35762492097765e-04 1.09103068228726e-04 -7.92537779584623e-04 -1.38208065025195e-05 -1.80202282847284e-04 -2.81494437287645e-04 2.18549791916771e-03 -5.33915987404178e-03 1.46070900930996e-03 1.98432129608652e-04 -2.97236549444090e-05 3.02397818198887e-03 -2.90713852834982e-04 1.68691249862228e-03 1.01568718954667e-03 6.69359478384055e-04 9.86955409848443e-04 9.16254369636543e-04 6.67255103475371e-04 -3.23220479839290e-04 -1.95658558949983e-03 5.95275492728056e-03 2.64531329099677e-04 1.86796344584764e-03 -1.17843547742348e-04 -8.77833007731342e-04 -7.04112305287775e-04 -1.49587367613636e-03 2.93401711772348e-04 7.13859939984475e-05 -9.01787751780567e-04 -5.78573994983836e-04 1.94902099211172e-04 -8.36571599085656e-04 1.67721805381693e-04 -1.29932767295635e-03 -2.13637350203489e-04 -5.18243691506351e-05 -3.48772534123035e-04 1.27399856807995e-04 4.27502441173945e-04 -6.90531301929350e-04 3.87128188270487e-04 6.52467413286760e-04 -8.37798345010886e-04 4.19535162810953e-04 6.80217989985054e-04 -1.49494613678542e-03 -8.07646368264043e-04 7.62463814861166e-04 4.75766264959936e-05 -8.63834162350429e-04 -1.21940214700047e-03 1.31128434149446e-03 -5.75828831180838e-05 -2.88191408013445e-04 6.22264117888505e-04 -1.05938832039809e-03 5.81367629219563e-04 -9.02204496742616e-04 -3.80884481750641e-04 2.64531329099677e-04 3.49674854982962e-03 3.92221386561057e-04 -2.69776833210918e-04 2.34286562120281e-04 6.00934453410676e-04 -4.60243955656662e-04 5.68977677879830e-04 -6.75477657646142e-04 -3.56399096122042e-04 -9.14251444944799e-04 -5.30951181147375e-05 5.56813330780650e-04 6.65132976707086e-04 -8.83447339762902e-04 3.71665008101500e-05 -4.57390025524540e-04 7.64831136677594e-04 -2.12317101114767e-05 -1.50883570481662e-04 -4.00055061566293e-04 2.01976422521061e-04 -1.07701995390873e-04 4.61751403120547e-04 2.70757230587726e-05 1.15254127848641e-04 -2.79581756016719e-03 1.83991709301232e-04 3.04362433901316e-04 -2.04113749493269e-03 1.54341794601895e-04 4.37922082722862e-05 3.80287124667710e-04 6.28623617542468e-05 -1.84931095486241e-04 -1.48671369203934e-04 7.34465525034268e-05 -5.43482944436549e-05 -4.81512196254053e-04 -2.45783865272380e-04 1.86796344584764e-03 3.92221386561057e-04 4.06390884736815e-03 4.17754284445825e-05 -5.22542506393195e-04 1.77737230868089e-04 -1.12861026705804e-03 -5.60414228441154e-04 -5.14008294373228e-04 -8.77689798742676e-04 -2.55813681114024e-04 1.19792841003893e-04 -2.53494115294672e-04 -4.18684490595192e-04 -4.35879787010012e-04 2.62128968152995e-05 -2.80312987945952e-04 -2.41936748668120e-04 -3.68966874501221e-04 4.13629369660407e-04 -2.78128701261313e-04 -3.91299012541642e-04 1.36523185081414e-04 -1.03178011416054e-03 -1.38928842015754e-04 2.57166009864839e-04 -1.10808257439084e-03 3.01040617772478e-04 5.57709024028189e-04 -3.65216451906990e-04 -7.38235435027408e-04 8.85497762219057e-04 -6.37577515242739e-04 -3.70028109893196e-04 1.18576360258444e-03 1.63997466153662e-04 7.00821400921174e-04 -5.54591588934671e-04 -2.88620095428627e-04 -5.26657550096802e-05 -1.17843547742348e-04 -2.69776833210918e-04 4.17754284445825e-05 2.71802809963745e-03 -4.59856020220756e-04 -1.69491885632943e-04 -2.95429058741241e-04 6.56381927352390e-04 -3.04899808963957e-04 -3.37021558399599e-05 -3.82091058685435e-05 4.10573896705330e-04 -9.32437280279395e-04 -1.05071920595465e-04 7.49752175285827e-04 -1.85582857605615e-04 -3.06858410748101e-04 3.16145085103747e-04 -7.32972347431366e-04 -3.77592806096105e-04 -3.89727114635508e-04 -1.87236150574134e-04 -9.06372832967004e-05 -1.83475012086669e-04 -9.74847944170950e-05 5.01966624251897e-04 -7.65138639676113e-04 -8.49637914610448e-04 8.59287289245296e-04 4.24769448520422e-04 -1.78710922505240e-03 9.55612195031695e-04 1.62762753055789e-03 -4.43755868493700e-04 -2.47796453402655e-04 7.42468747582917e-04 -1.69524269413007e-03 1.00637398160990e-03 -1.34178530082547e-03 7.72223028448666e-04 -8.77833007731342e-04 2.34286562120281e-04 -5.22542506393195e-04 -4.59856020220756e-04 4.22806517487244e-03 4.20156805733354e-04 -5.97118657356658e-04 -1.09381282126200e-03 -1.21562846827973e-04 -4.13167867391899e-04 -5.98973607094320e-04 1.10664250746447e-04 1.99858096449600e-04 1.06169630892710e-03 -1.08058427170156e-04 -4.17987454743451e-04 -1.49065832840681e-04 -4.09251858536296e-04 -6.35847045393447e-04 3.52882017308118e-04 2.73654218382599e-04 -2.08183740904132e-04 -3.12702078933765e-04 7.64014565785115e-04 -4.97788287570500e-04 -6.58882261911136e-04 -1.30020059876254e-04 -6.56538868312886e-04 7.90340877647383e-04 -1.24703273869684e-03 -2.05641496474793e-03 5.42438603021984e-04 -8.42150593304063e-04 5.92051417331713e-04 -1.03770081451199e-03 1.69371411678801e-03 -7.54010130867014e-04 -1.99707239428711e-03 -1.99665008809996e-04 1.49804305941601e-03 -7.04112305287775e-04 6.00934453410676e-04 1.77737230868089e-04 -1.69491885632943e-04 4.20156805733354e-04 4.94693148927947e-03 3.43258688088300e-04 6.23899557106119e-05 -5.19539252489249e-04 -7.08482070471598e-04 -4.30969301110571e-05 -1.12605851929639e-04 -6.20111010082846e-05 5.28291212095494e-04 2.69702181670679e-04 3.73026724380950e-04 -7.62212569241840e-04 -1.35922548613601e-04 -9.34782504736394e-04 -1.38937217630087e-04 -2.55961991810168e-04 -4.11112849016546e-05 -2.58855352293561e-04 1.69041316747327e-04 2.97451534202145e-04 -7.55052613208613e-04 2.86232119584088e-03 -6.50313902090975e-04 -1.43375689553697e-03 5.32376440900738e-04 4.82583283228663e-04 -3.62430601321290e-04 8.79928091438223e-05 5.24091876195891e-05 -9.09496255110859e-05 -2.36708188663017e-03 -8.65141582135309e-04 -6.63550083088434e-04 8.51155646495767e-04 1.41180428485516e-03 -1.49587367613636e-03 -4.60243955656662e-04 -1.12861026705804e-03 -2.95429058741241e-04 -5.97118657356658e-04 3.43258688088300e-04 3.75569479165312e-03 1.19825648423427e-04 -3.16320797842648e-04 4.67216621953050e-04 -7.06546624713161e-05 2.08894810404444e-04 6.93277624808097e-04 -6.25435910627279e-04 5.21981244764933e-04 7.76719271245249e-05 9.52400033477493e-04 6.13158702758428e-04 2.23817101524660e-04 1.43713107171985e-05 4.88613291868054e-04 4.23966646052427e-04 -2.93629843079825e-04 4.07782904513440e-04 1.77308569469908e-04 2.48784582721972e-05 -8.89047054693209e-04 5.79645101179901e-04 3.84397011317333e-04 -4.79590062184202e-04 4.35414140982652e-04 -1.03758501691012e-03 -1.76176098963996e-03 1.33330992906375e-03 1.19899915090784e-03 1.26692131810336e-04 7.21953825757808e-04 -5.26699222775856e-04 3.69889157542929e-04 -4.98253798978679e-04 2.93401711772348e-04 5.68977677879830e-04 -5.60414228441154e-04 6.56381927352390e-04 -1.09381282126200e-03 6.23899557106119e-05 1.19825648423427e-04 3.23018224150720e-03 -5.21974065048694e-04 3.28775478062376e-04 3.62608960723443e-04 6.71739800836804e-04 -5.18044050922174e-04 -1.88568172152840e-04 -2.14386509365010e-04 4.62422963910246e-04 -1.98896073376478e-04 2.04335456906641e-04 -4.61456623848912e-04 -3.32006422785137e-04 -6.09636745251444e-04 -4.52555305680338e-04 3.39192271428099e-04 3.35260633031684e-04 3.11901275167336e-04 2.01927974567160e-04 -3.11209331064249e-04 4.38336606740746e-04 1.15613705051147e-04 2.20200985197453e-04 3.71771552320514e-04 1.43984722423373e-04 -1.60509956631343e-04 -2.21406453009854e-04 -1.35803051392525e-04 5.55169520621824e-04 1.19895678688272e-03 5.25509696625150e-04 7.87302191351011e-04 7.03940902225191e-05 7.13859939984475e-05 -6.75477657646142e-04 -5.14008294373228e-04 -3.04899808963957e-04 -1.21562846827973e-04 -5.19539252489249e-04 -3.16320797842648e-04 -5.21974065048694e-04 2.15343249127615e-03 -4.13577746237720e-05 5.14000906636952e-04 4.56573635725597e-05 5.07916184675398e-06 -3.75409522577233e-04 4.16756997322954e-04 3.27455377732493e-05 8.19891233327581e-05 -4.44332045447019e-05 5.94034415253278e-04 2.01373615010702e-04 -4.51243795161906e-07 -4.72587950485958e-04 2.31846195212291e-04 9.82657885799217e-05 3.48278320701934e-04 -5.12015041985004e-04 2.05454840805386e-03 2.11645536279032e-04 -9.73749260259390e-04 5.44499271816987e-04 1.36788709449990e-03 -9.19272058736575e-04 -8.40501193318258e-04 -7.37039006906161e-04 1.58011480447931e-03 -7.16664587689719e-04 1.29619420092085e-04 -6.48430700429858e-04 6.79626813736864e-04 -6.24304958760558e-04 -9.01787751780567e-04 -3.56399096122042e-04 -8.77689798742676e-04 -3.37021558399599e-05 -4.13167867391899e-04 -7.08482070471598e-04 4.67216621953050e-04 3.28775478062376e-04 -4.13577746237720e-05 3.05718774156926e-03 -1.50289080170892e-04 -1.01021715222008e-04 2.94123925160252e-04 6.20607782268412e-06 3.22697703926380e-04 -4.04850114952791e-04 3.95569499413166e-04 4.88766104760597e-04 2.83770916351985e-04 4.40992254070297e-05 7.49549908757693e-04 -1.35305385637222e-04 5.11014081899262e-04 6.03897006273201e-04 1.15543628179659e-04 -3.21168832618705e-04 2.21748762086005e-05 5.87458233602865e-04 1.62060611936197e-07 -5.71882418603606e-04 1.87887145648198e-04 -2.04115471245064e-04 -1.86494821869046e-03 2.56429490422465e-04 -1.28138360963949e-03 1.73833202889381e-04 8.26126207280847e-04 -8.78939824758211e-05 1.04902027627131e-03 4.23925485888161e-05 -5.78573994983836e-04 -9.14251444944799e-04 -2.55813681114024e-04 -3.82091058685435e-05 -5.98973607094320e-04 -4.30969301110571e-05 -7.06546624713161e-05 3.62608960723443e-04 5.14000906636952e-04 -1.50289080170892e-04 2.87518060317806e-03 2.69857270976968e-04 9.89004430003521e-05 -4.81029606428881e-04 5.81401695059334e-05 7.58949151707782e-04 1.45483779287833e-04 -4.35005167751694e-04 7.65603623337506e-05 -5.78442027662442e-04 -2.11191058269760e-04 -8.54118449213422e-04 -3.06106332659650e-04 -2.50330494489213e-06 -2.75951359540979e-04 -1.56440468752091e-04 -2.70910332787021e-06 1.11902773720887e-04 -1.56270701812480e-04 -3.11274716026432e-04 1.17593931883020e-04 2.27888449802926e-04 -7.19639385458858e-04 9.69478278053071e-04 4.27305377811951e-04 -1.30091017778903e-03 -1.65920232384594e-04 -3.72554508302284e-04 3.01732797338056e-04 -2.35439076251216e-04 1.94902099211172e-04 -5.30951181147375e-05 1.19792841003893e-04 4.10573896705330e-04 1.10664250746447e-04 -1.12605851929639e-04 2.08894810404444e-04 6.71739800836804e-04 4.56573635725597e-05 -1.01021715222008e-04 2.69857270976968e-04 2.62630105560378e-03 -3.76896769143725e-04 -2.54516880670328e-04 -1.10178639152598e-04 4.47203185954977e-04 -3.73760821090098e-04 -2.41611264446762e-04 -4.43760251389546e-04 -1.25343640945106e-04 -4.78074473143398e-05 -3.49516362345075e-04 1.19343899059080e-04 -2.29598183397186e-04 1.50349921226333e-04 -1.55290455358275e-04 4.01510884772441e-04 -1.04511467732069e-04 -4.42382597123056e-04 4.52079951028540e-05 4.85043570685353e-04 -5.25070240198009e-04 3.47111520489935e-04 -2.98589939670159e-05 -7.79593075762993e-04 -5.10337103430207e-05 -6.96549171210460e-04 4.42623593709273e-04 6.59624543875218e-04 -2.51700298779869e-04 -8.36571599085656e-04 5.56813330780650e-04 -2.53494115294672e-04 -9.32437280279395e-04 1.99858096449600e-04 -6.20111010082846e-05 6.93277624808097e-04 -5.18044050922174e-04 5.07916184675398e-06 2.94123925160252e-04 9.89004430003521e-05 -3.76896769143725e-04 2.51096569098092e-03 2.96414262810659e-05 -5.92611149700335e-04 1.53879678270778e-04 7.54940117231736e-04 1.07863428801183e-04 3.47637915840474e-04 -1.02969024536311e-05 1.99227055198271e-05 1.69816756732372e-04 -1.81826482597601e-04 3.42039250042360e-04 -2.19898543818156e-05 4.28995438257997e-04 -2.95226013173261e-04 -1.00920749830440e-04 3.98162866185762e-04 5.19974740640630e-04 -3.31842188600859e-04 -3.66135073765857e-04 3.14210550983547e-04 -5.48960145050439e-04 -9.91775387342099e-05 7.03439497507796e-04 -9.76124222320199e-04 7.45308709216562e-04 -3.22269298945916e-04 7.46808876920804e-05 1.67721805381693e-04 6.65132976707086e-04 -4.18684490595192e-04 -1.05071920595465e-04 1.06169630892710e-03 5.28291212095494e-04 -6.25435910627279e-04 -1.88568172152840e-04 -3.75409522577233e-04 6.20607782268412e-06 -4.81029606428881e-04 -2.54516880670328e-04 2.96414262810659e-05 2.23179498702863e-03 -3.24323228871950e-04 -1.54972880711798e-04 8.69144333512647e-06 -1.25360565900930e-04 -2.39537965469895e-04 -5.93618814957419e-04 2.55557026324818e-04 -2.66521494885075e-04 -4.70844349772360e-05 3.84132774187376e-04 -2.07317789032966e-04 -2.01937553464106e-04 3.06278881596614e-04 -1.05622491139023e-04 6.49545597975354e-05 -1.00372597228558e-04 -4.24627860704095e-04 5.46396476075833e-04 -7.78521521896266e-05 -4.83223955649305e-05 4.41128425480177e-04 4.56253398410008e-04 5.23854808026688e-04 -6.37898219876870e-04 -2.32459296108268e-04 5.65286731994056e-04 -1.29932767295635e-03 -8.83447339762902e-04 -4.35879787010012e-04 7.49752175285827e-04 -1.08058427170156e-04 2.69702181670679e-04 5.21981244764933e-04 -2.14386509365010e-04 4.16756997322954e-04 3.22697703926380e-04 5.81401695059334e-05 -1.10178639152598e-04 -5.92611149700335e-04 -3.24323228871950e-04 3.05059491001449e-03 -4.52716901723572e-04 3.03203264542785e-04 2.32996852766272e-04 1.33460369653355e-04 8.78464505817382e-05 2.85520060721465e-04 -1.86842668002813e-04 -4.81887733850027e-04 4.40111278858543e-04 -2.06402064786747e-04 1.96375135879147e-05 -1.46590638657726e-04 3.26195843103154e-04 2.06848527775204e-04 -7.11575509435884e-05 -4.85712632894527e-05 -8.59938630792977e-05 -8.74562212486057e-04 1.48183406899265e-04 -1.13761232480669e-04 4.29829587403658e-04 3.84142572679264e-04 1.52691267980846e-04 5.50112571256323e-04 1.70610002243417e-04 -2.13637350203489e-04 3.71665008101500e-05 2.62128968152995e-05 -1.85582857605615e-04 -4.17987454743451e-04 3.73026724380950e-04 7.76719271245249e-05 4.62422963910246e-04 3.27455377732493e-05 -4.04850114952791e-04 7.58949151707782e-04 4.47203185954977e-04 1.53879678270778e-04 -1.54972880711798e-04 -4.52716901723572e-04 1.89881669311546e-03 -7.13232835840783e-05 -2.00422494512657e-04 -2.61730177113695e-05 -5.38100871148156e-04 -3.82133157724108e-04 -4.39531339426734e-04 1.31322068689127e-04 -2.76994500335203e-04 1.03203876185819e-04 1.85084887619096e-04 1.05947891395326e-04 3.03387261241520e-04 -1.08330657356689e-04 4.15486677904159e-04 5.18532923887915e-04 -2.45352839247199e-04 -2.30005353372382e-04 -4.42635092032093e-04 8.09425437098468e-05 -1.92113181645830e-05 -1.11935498328542e-04 7.66958632233079e-04 8.15341130252335e-04 8.60216783092533e-05 -5.18243691506351e-05 -4.57390025524540e-04 -2.80312987945952e-04 -3.06858410748101e-04 -1.49065832840681e-04 -7.62212569241840e-04 9.52400033477493e-04 -1.98896073376478e-04 8.19891233327581e-05 3.95569499413166e-04 1.45483779287833e-04 -3.73760821090098e-04 7.54940117231736e-04 8.69144333512647e-06 3.03203264542785e-04 -7.13232835840783e-05 2.13311806033128e-03 1.52242410692747e-04 5.02055369430089e-04 2.31033415647990e-04 -7.11503416975889e-05 -1.13099623125045e-04 9.37672945965915e-05 3.91925896978622e-04 -1.73522346432314e-04 1.63753512251857e-04 2.89772609040332e-04 -5.07683443499640e-05 5.15661541853556e-05 4.59164379624359e-04 1.08484464415531e-04 -8.91703270470481e-04 4.66095510992715e-06 -9.22735166544719e-04 4.68280657920128e-04 3.41412363456130e-04 7.45049118503254e-05 2.25661392318896e-04 -1.06295545644418e-04 4.39443236575915e-05 -3.48772534123035e-04 7.64831136677594e-04 -2.41936748668120e-04 3.16145085103747e-04 -4.09251858536296e-04 -1.35922548613601e-04 6.13158702758428e-04 2.04335456906641e-04 -4.44332045447019e-05 4.88766104760597e-04 -4.35005167751694e-04 -2.41611264446762e-04 1.07863428801183e-04 -1.25360565900930e-04 2.32996852766272e-04 -2.00422494512657e-04 1.52242410692747e-04 1.85786053358931e-03 2.38745186156441e-04 -3.76677813477532e-05 -4.27407407817521e-06 1.73707577414011e-04 8.98229422000497e-05 6.79376355719071e-04 5.99135207298591e-06 7.76832060843576e-05 2.76260773821135e-04 4.22128637571241e-05 -3.31407679844474e-04 3.11058176857718e-04 5.32298117961433e-04 -1.75922899655437e-04 4.54034933506160e-04 -2.09803476874867e-04 -1.33587624446633e-05 -2.95862471276764e-04 1.96119856627845e-04 2.00867859862887e-04 3.18733202015743e-05 -2.73233779017278e-04 1.27399856807995e-04 -2.12317101114767e-05 -3.68966874501221e-04 -7.32972347431366e-04 -6.35847045393447e-04 -9.34782504736394e-04 2.23817101524660e-04 -4.61456623848912e-04 5.94034415253278e-04 2.83770916351985e-04 7.65603623337506e-05 -4.43760251389546e-04 3.47637915840474e-04 -2.39537965469895e-04 1.33460369653355e-04 -2.61730177113695e-05 5.02055369430089e-04 2.38745186156441e-04 2.40632129913217e-03 2.18196662781407e-04 2.48837642593031e-04 2.14548187973406e-04 1.79181016492786e-04 4.39078375419890e-04 1.20943869590715e-04 3.07760315037672e-06 -6.30235433719412e-05 -1.17338931343360e-04 2.54820125694228e-05 -3.75221056006907e-05 -6.22428788802647e-05 1.07217248757321e-04 4.59363356215426e-04 -6.78082988976640e-05 8.50187964531293e-05 -5.13950703076958e-05 2.82358238021635e-04 -1.97081193471320e-04 -6.97099902444339e-04 1.35762492097765e-04 4.27502441173945e-04 -1.50883570481662e-04 4.13629369660407e-04 -3.77592806096105e-04 3.52882017308118e-04 -1.38937217630087e-04 1.43713107171985e-05 -3.32006422785137e-04 2.01373615010702e-04 4.40992254070297e-05 -5.78442027662442e-04 -1.25343640945106e-04 -1.02969024536311e-05 -5.93618814957419e-04 8.78464505817382e-05 -5.38100871148156e-04 2.31033415647990e-04 -3.76677813477532e-05 2.18196662781407e-04 2.04910860128632e-03 7.66592036089485e-05 5.55970905685585e-04 1.41927208371868e-05 -3.83716624926659e-04 1.30679410972209e-04 1.86751176092843e-05 2.43018424968426e-04 -2.03931093324005e-04 -1.42874126694087e-04 2.62047814699253e-04 6.69367330191339e-05 -3.47666448567027e-05 5.41264436133180e-04 -1.37262011127837e-04 3.27026143787420e-04 1.32056155639244e-04 1.29695783494938e-04 1.26893679671220e-04 -4.33754262703585e-04 1.09103068228726e-04 -6.90531301929350e-04 -4.00055061566293e-04 -2.78128701261313e-04 -3.89727114635508e-04 2.73654218382599e-04 -2.55961991810168e-04 4.88613291868054e-04 -6.09636745251444e-04 -4.51243795161906e-07 7.49549908757693e-04 -2.11191058269760e-04 -4.78074473143398e-05 1.99227055198271e-05 2.55557026324818e-04 2.85520060721465e-04 -3.82133157724108e-04 -7.11503416975889e-05 -4.27407407817521e-06 2.48837642593031e-04 7.66592036089485e-05 2.05783690761739e-03 3.24827402919764e-06 -2.59922466053580e-04 1.69347551868270e-04 -2.94768817699509e-04 -9.70838817895200e-05 1.91584761258881e-04 -3.44155741166787e-04 -3.15538829799526e-04 -6.49882803747550e-06 1.74300217511561e-04 1.26559966621782e-04 1.12296824659596e-03 3.17508953775850e-04 -2.89938694419376e-04 -8.74029903819560e-05 -2.63205186242096e-04 -3.32482746706727e-04 -6.16038797109546e-04 -7.92537779584623e-04 3.87128188270487e-04 2.01976422521061e-04 -3.91299012541642e-04 -1.87236150574134e-04 -2.08183740904132e-04 -4.11112849016546e-05 4.23966646052427e-04 -4.52555305680338e-04 -4.72587950485958e-04 -1.35305385637222e-04 -8.54118449213422e-04 -3.49516362345075e-04 1.69816756732372e-04 -2.66521494885075e-04 -1.86842668002813e-04 -4.39531339426734e-04 -1.13099623125045e-04 1.73707577414011e-04 2.14548187973406e-04 5.55970905685585e-04 3.24827402919764e-06 2.73138194827891e-03 -6.24757077654753e-05 -3.75111437650476e-04 -1.62275894375462e-04 1.37295439541545e-06 -2.37686028054033e-04 1.80021967309572e-04 -1.23770936959743e-05 -1.53253838504829e-04 3.40689644211695e-04 -2.09013952238535e-04 -2.43388763903246e-04 3.02573955510284e-04 -1.30685343454592e-04 3.99440142011121e-04 -4.84840313996661e-04 -6.83501765411229e-05 6.31178293473391e-04 -1.38208065025195e-05 6.52467413286760e-04 -1.07701995390873e-04 1.36523185081414e-04 -9.06372832967004e-05 -3.12702078933765e-04 -2.58855352293561e-04 -2.93629843079825e-04 3.39192271428099e-04 2.31846195212291e-04 5.11014081899262e-04 -3.06106332659650e-04 1.19343899059080e-04 -1.81826482597601e-04 -4.70844349772360e-05 -4.81887733850027e-04 1.31322068689127e-04 9.37672945965915e-05 8.98229422000497e-05 1.79181016492786e-04 1.41927208371868e-05 -2.59922466053580e-04 -6.24757077654753e-05 1.83026648466488e-03 -5.18740123232165e-05 5.38639340391644e-04 1.65111024885165e-04 -1.52135750512767e-04 2.46064155553777e-05 2.55876551180213e-04 2.60267184404509e-04 -3.25707149200520e-05 -3.38149639377596e-04 -6.03848802946536e-05 3.88560412636340e-05 3.10438239436292e-04 4.05845943414802e-04 2.25960749047371e-04 2.57112858386817e-04 7.92579297571975e-05 -1.80202282847284e-04 -8.37798345010886e-04 4.61751403120547e-04 -1.03178011416054e-03 -1.83475012086669e-04 7.64014565785115e-04 1.69041316747327e-04 4.07782904513440e-04 3.35260633031684e-04 9.82657885799217e-05 6.03897006273201e-04 -2.50330494489213e-06 -2.29598183397186e-04 3.42039250042360e-04 3.84132774187376e-04 4.40111278858543e-04 -2.76994500335203e-04 3.91925896978622e-04 6.79376355719071e-04 4.39078375419890e-04 -3.83716624926659e-04 1.69347551868270e-04 -3.75111437650476e-04 -5.18740123232165e-05 2.97910818451701e-03 -1.28290443413134e-04 -6.72776697514460e-05 9.65557124066527e-05 -3.28190605726828e-05 -1.22135153404455e-04 -3.75767694873781e-05 2.42047842769219e-04 -2.37411930383542e-04 -1.08819946329798e-05 2.64918553213805e-04 1.72362693492932e-04 -1.14773159917049e-05 -1.47968821668730e-04 -3.10181600428780e-04 1.04300842959602e-04 -2.81494437287645e-04 4.19535162810953e-04 2.70757230587726e-05 -1.38928842015754e-04 -9.74847944170950e-05 -4.97788287570500e-04 2.97451534202145e-04 1.77308569469908e-04 3.11901275167336e-04 3.48278320701934e-04 1.15543628179659e-04 -2.75951359540979e-04 1.50349921226333e-04 -2.19898543818156e-05 -2.07317789032966e-04 -2.06402064786747e-04 1.03203876185819e-04 -1.73522346432314e-04 5.99135207298591e-06 1.20943869590715e-04 1.30679410972209e-04 -2.94768817699509e-04 -1.62275894375462e-04 5.38639340391644e-04 -1.28290443413134e-04 1.96152133555741e-03 