9.99999999999999e-01 -1.85684800868557e-14 9.10660435948785e-14 -5.70224423235288e-13 1.34492243730744e-13 -1.75897491017096e-12 -5.11742601419507e-12 -2.16135442876464e-12 1.33702944549174e-13 3.71097085352656e-11 1.90985617078143e-12 4.10092966529607e-14 -1.85684800868557e-14 9.99999999999998e-01 6.32688346158261e-14 -2.99482660892636e-13 5.49147533002170e-13 -2.92276619573428e-12 -1.29185308284097e-11 -1.78096426495244e-12 -7.92324539311551e-13 5.22521401147280e-11 -7.94884991162093e-14 1.08490473549328e-13 9.10660435948785e-14 6.32688346158261e-14 1.00000000000000e+00 -1.72722947056059e-13 1.54529167240014e-13 -1.38758449175214e-12 -3.15916737214650e-12 -1.67313385368573e-12 -1.10078612891584e-13 2.68652496082655e-11 4.97164809321049e-12 1.71797298609278e-12 -5.70224423235288e-13 -2.99482660892636e-13 -1.72722947056059e-13 1.00000000000000e+00 -2.76043077285237e-13 1.46689604907380e-12 5.48810996647831e-12 8.75188810312011e-13 1.67411223772618e-13 -3.11105724515315e-11 -5.36470867729122e-12 -7.84129705611036e-13 1.34492243730744e-13 5.49147533002170e-13 1.54529167240014e-13 -2.76043077285237e-13 1.00000000000000e+00 3.29673788268536e-13 1.24067423001861e-14 3.89709098325142e-13 1.38847267017184e-13 7.76642639088720e-13 1.56796450823116e-12 -4.18449996875125e-13 -1.75897491017096e-12 -2.92276619573428e-12 -1.38758449175214e-12 1.46689604907380e-12 3.29673788268536e-13 9.99999999999962e-01 1.02364228204976e-11 -1.40584766050722e-12 7.72017866301766e-13 -1.01424674214812e-10 -2.90274922154499e-11 -1.05058323152107e-12 -5.11742601419507e-12 -1.29185308284097e-11 -3.15916737214650e-12 5.48810996647831e-12 1.24067423001861e-14 1.02364228204976e-11 1.00000000000000e+00 -1.94618904325594e-11 -8.12923339754690e-12 5.23731665674765e-11 1.03688654884415e-11 1.31741145770192e-11 -2.16135442876464e-12 -1.78096426495244e-12 -1.67313385368573e-12 8.75188810312011e-13 3.89709098325142e-13 -1.40584766050722e-12 -1.94618904325594e-11 1.00000000000003e+00 1.52631414451765e-11 -2.20066520562057e-10 -1.04770692122003e-10 -1.95433946803547e-11 1.33702944549174e-13 -7.92324539311551e-13 -1.10078612891584e-13 1.67411223772618e-13 1.38847267017184e-13 7.72017866301766e-13 -8.12923339754690e-12 1.52631414451765e-11 1.00000000000001e+00 -3.84024019181584e-11 -1.81386988762355e-11 2.10709921732999e-12 3.71097085352656e-11 5.22521401147280e-11 2.68652496082655e-11 -3.11105724515315e-11 7.76642639088720e-13 -1.01424674214812e-10 5.23731665674765e-11 -2.20066520562057e-10 -3.84024019181584e-11 9.99999999999997e-01 -9.86191683871596e-12 -8.58428259031818e-11 1.90985617078143e-12 -7.94884991162093e-14 4.97164809321049e-12 -5.36470867729122e-12 1.56796450823116e-12 -2.90274922154499e-11 1.03688654884415e-11 -1.04770692122003e-10 -1.81386988762355e-11 -9.86191683871596e-12 1.00000000000000e+00 -9.52215528648992e-11 4.10092966529607e-14 1.08490473549328e-13 1.71797298609278e-12 -7.84129705611036e-13 -4.18449996875125e-13 -1.05058323152107e-12 1.31741145770192e-11 -1.95433946803547e-11 2.10709921732999e-12 -8.58428259031818e-11 -9.52215528648992e-11 1.00000000000000e+00 