3.99861417157501e-02 6.60757947437595e-03 8.07340938239272e-03 9.33173151787703e-04 -3.43959292988125e-04 2.85548057888209e-06 1.05397050315121e-04 -2.06380939254332e-04 -3.86927702062370e-05 2.00764836269332e-05 -1.32820381752181e-05 2.23609195816678e-05 6.60757947437595e-03 8.23063163576239e-03 2.13073237977214e-03 1.41272657320044e-03 -3.70814546192331e-04 -1.88343578745202e-03 -1.63409296673837e-03 -7.52279547945085e-04 1.09820956545555e-04 6.04361232489886e-04 -1.64598294316289e-03 4.38150695205382e-04 8.07340938239272e-03 2.13073237977214e-03 9.75422987396339e-03 -8.09356134448620e-04 -3.23158752684566e-03 -1.96423751911426e-04 -4.98297766931170e-04 -6.83776975494609e-04 -3.02224319052479e-04 8.13750584346604e-05 1.48418103461001e-04 1.01362849200480e-04 9.33173151787703e-04 1.41272657320044e-03 -8.09356134448620e-04 6.30488032854165e-03 -4.13636755082577e-04 8.38153883769175e-04 1.30704299978329e-03 7.17517402526151e-04 5.23415102903143e-04 1.04223259606302e-03 -1.13072294012443e-03 2.42797847105463e-04 -3.43959292988125e-04 -3.70814546192331e-04 -3.23158752684566e-03 -4.13636755082577e-04 4.55094487988025e-03 -1.90379218088659e-03 2.61437147923689e-04 6.88623897066195e-04 7.06955303824517e-04 -6.59094052628292e-04 -6.68448353801718e-05 -4.35679800391937e-04 2.85548057888209e-06 -1.88343578745202e-03 -1.96423751911426e-04 8.38153883769175e-04 -1.90379218088659e-03 5.28077365628050e-03 6.86402751630122e-04 2.80285502037404e-03 -6.81799756871401e-04 1.05087340199463e-03 9.56035769836319e-04 4.76719824015737e-04 1.05397050315121e-04 -1.63409296673837e-03 -4.98297766931170e-04 1.30704299978329e-03 2.61437147923689e-04 6.86402751630122e-04 4.66485303929605e-03 -1.73582753135669e-03 1.18510932492552e-04 -7.89232395588595e-04 2.36919285675263e-04 6.80620475785336e-04 -2.06380939254332e-04 -7.52279547945085e-04 -6.83776975494609e-04 7.17517402526151e-04 6.88623897066195e-04 2.80285502037404e-03 -1.73582753135669e-03 6.57197340600866e-03 1.49670320197428e-03 1.21582671207772e-03 -3.90124892746108e-04 -9.41931902562815e-04 -3.86927702062370e-05 1.09820956545555e-04 -3.02224319052479e-04 5.23415102903143e-04 7.06955303824517e-04 -6.81799756871401e-04 1.18510932492552e-04 1.49670320197428e-03 1.71581546429689e-03 -1.91698916950271e-04 -1.47121653475822e-03 -8.21623329700808e-04 2.00764836269332e-05 6.04361232489886e-04 8.13750584346604e-05 1.04223259606302e-03 -6.59094052628292e-04 1.05087340199463e-03 -7.89232395588595e-04 1.21582671207772e-03 -1.91698916950271e-04 4.83731583979179e-03 -2.26277367758332e-04 2.40823573501079e-04 -1.32820381752181e-05 -1.64598294316289e-03 1.48418103461001e-04 -1.13072294012443e-03 -6.68448353801718e-05 9.56035769836319e-04 2.36919285675263e-04 -3.90124892746108e-04 -1.47121653475822e-03 -2.26277367758332e-04 5.57749343923482e-03 -8.99838960514105e-04 2.23609195816678e-05 4.38150695205382e-04 1.01362849200480e-04 2.42797847105463e-04 -4.35679800391937e-04 4.76719824015737e-04 6.80620475785336e-04 -9.41931902562815e-04 -8.21623329700808e-04 2.40823573501079e-04 -8.99838960514105e-04 2.19375572277313e-03 